55 59285
42401 845
35735 858
32304 848
25117 624
38292 385
25943 298
52869 57
57131 273
22733 478
46938 813
31356 480
33677 393
54874 837
4212 338
5166 649
1199 369
49362 958
46134 141
51579 871
58018 474
47379 801
27359 521
46274 679
7012 721
37938 583
8499 538
56005 759
30938 106
24584 474
15685 187
45901 737
27043 217
33700 136
1114 325
36617 150
36289 223
36575 387
55951 903
40422 450
21314 614
25910 903
41360 100
3571 970
39530 654
39759 171
12473 359
7644 751
18701 608
21563 326
33805 39
26003 635
58596 959
6050 653
12384 636
9564 996
