100 548820
32536 715189365
46335 602763371
47085 544883178
46498 423654797
34222 645894116
21095 437587210
16329 891773002
3112 272656295
21044 477665112
43451 812168727
29026 479977172
31175 392784794
50798 836078769
3898 337396162
4781 648171877
1109 368241538
45695 957155155
42706 140350778
47748 978618343
25992 799158564
43955 461479363
28564 780529176
37258 118274424
39549 639921017
31942 143353286
29492 944668919
41634 521848329
5812 414661942
25992 264555612
10226 774233687
40443 456150336
11884 568433949
7421 324141005
33897 149674864
33593 222321386
33858 943748076
49536 681820298
24694 613063462
23985 902348579
38287 99280352
3305 969809069
36593 653140033
36806 170909587
11546 358152171
7075 750686139
17311 607830667
19961 325047228
31293 38425426
24071 634274054
54244 958949270
5600 652790319
11463 161309512
54624 581850333
13901 466310773
26052 158969587
18550 110375140
37031 656329592
17408 138182950
42717 196582357
52114 368725166
36360 820993231
744 97101272
34183 837944907
36971 96098402
53342 976459466
48197 468651199
27969 976761091
3057 451159214
40572 19987673
2150 441710922
15521 979586731
6596 359444469
16252 480893537
6516 688661187
17451 880475894
22735 918235473
3520 216822134
38004 565188866
31096 865102564
14565 508968961
28716 916722957
5155 921157612
31609 83112487
51001 318568955
513 667410377
46229 647174139
39313 841386123
15883 264730165
10054 397820752
32189 552821485
1103 164940461
45493 369808096
257 146441764
37200 569618405
14818 703737281
40349 288476433
52806 433288064
13652 756106692
31620 396098279
32492 896038390
