100 548820
32536 715190
46335 602764
47085 544884
46498 423655
34222 645895
21095 437588
16329 891774
3112 963663
14964 383442
26215 791726
44573 528895
26342 568045
21556 925597
45885 71037
18517 87130
35573 20219
20209 832620
52530 778157
7702 870013
47752 978619
25992 799159
43955 461480
28564 780530
37258 118275
39549 639922
31942 143354
29492 944669
41634 521849
5812 414662
25992 264556
10226 774234
40443 456151
11884 568434
7421 18790
17789 617636
8214 612096
12201 616934
21211 943749
49536 681821
24694 359508
33646 437032
49522 697632
5448 60226
53225 666767
35845 670638
9379 210383
19656 128927
41199 315429
33359 363711
17839 570197
2108 438602
34810 988374
52629 102045
35826 208877
34853 161310
54624 653109
31933 253292
22741 466311
26052 244426
34219 158970
18550 110376
37031 656330
17408 138183
42717 196583
52114 368726
36360 820994
744 97102
34183 837945
36971 96099
53342 976460
48197 468652
27969 976762
3057 604846
24760 739264
1097 39188
24242 282807
53761 120197
19727 296141
26392 118728
37795 317984
48322 414263
50394 64148
11899 692473
31018 566602
47478 265390
27933 523249
50311 93941
50555 575947
4561 929297
15241 318569
513 667411
46229 131798
35518 716328
46177 289407
14529 183192
21833 586513
30340 20108
9052 828941
20295 4696
8037 677817
